szhou@grenoble:~$ nc m3-70.grenoble.iot-lab.info 20000
Slot summary.
0
0
0
0
0
0
0
0
0
0
0
0
0
0
0
0
0
0
0
0
0
0
0
135
152
152
152
152
152
152
152
152
152
152
152
152
152
152
152
152
152
152
152
152
152
152
152
152
153
153
153
153
153
153
153
153
153
153
153
153
0
0
0
0
0
0
0
0
0
0
0
0
0
0
0
0
0
0
0
0
0
0
0
0
0
0
0
0
0
0
0
0
0
0
0
0
0
0
0
0
0
0
0
0
0
0
0
0
0
0
0
0
0
0
0
0
0
0
0
0
0
0
0
0
0
0
0
0
0
0
0
0
0
0
0
0
0
0
0
0
0
0
0
0
0
0
0
0
0
0
Total csma count: 2280
Wakeup record.
38540040 
38583260 
38393529 
38909733 
38543954 
38384071 
38081441 
37741593 
37622724 
38229394 
38678246 
37516581 
38355235 
37990332 
38336983 
44622534 
37908942 
37915579 
37785155 
38193597 
37871579 
38159206 
37873963 
37583329 
38045066 
38211190 
38750731 
37718626 
37944790 
38198415 
37474058 
37848888 
38115508 
38471421 
38172413 
38182470 
38996613 
0 
0 
0 
0 
0 
0 
0 
0 
0 
0 
0 
0 
0 
0 
0 
0 
0 
0 
0 
0 
0 
0 
0 
0 
0 
0 
0 
0 
0 
0 
0 
0 
0 
Lifetime record Low.
2355002034 
2386794488 
2386150759 
2398884502 
2398875177 
2386885044 
2382415772 
2358937380 
2354988062 
2342407035 
2372546057 
2350382042 
2394435259 
2338058182 
2377468290 
2375054038 
2351307556 
2372032956 
2351104116 
2396067576 
2341359580 
2375231613 
2352251847 
2356105212 
2365910984 
2364475798 
2346648871 
2351986518 
2367743252 
2369796603 
2351241258 
2366780785 
2365943452 
2388589057 
2340811293 
2380012728 
2371266643 
0 
0 
0 
0 
0 
0 
0 
0 
0 
0 
0 
0 
0 
0 
0 
0 
0 
0 
0 
0 
0 
0 
0 
0 
0 
0 
0 
0 
0 
0 
0 
0 
0 
Lifetime record High.
0 
0 
0 
0 
0 
0 
0 
0 
0 
0 
0 
0 
0 
0 
0 
0 
0 
0 
0 
0 
0 
0 
0 
0 
0 
0 
0 
0 
0 
0 
0 
0 
0 
0 
0 
0 
0 
0 
0 
0 
0 
0 
0 
0 
0 
0 
0 
0 
0 
0 
0 
0 
0 
0 
0 
0 
0 
0 
0 
0 
0 
0 
0 
0 
0 
0 
0 
0 
0 
0 
Generate data record.
39
39
39
39
39
39
38
38
38
38
38
38
39
38
39
39
38
39
38
38
38
38
38
38
38
39
38
37
37
38
38
38
38
39
36
38
38
0
0
0
0
0
0
0
0
0
0
0
0
0
0
0
0
0
0
0
0
0
0
0
0
0
0
0
0
0
0
0
0
0
Received data record.
38
38
37
39
38
39
38
38
38
37
38
38
39
38
39
37
37
38
37
37
38
38
38
38
37
37
37
37
37
38
38
38
36
39
36
35
36
0
0
0
0
0
0
0
0
0
0
0
0
0
0
0
0
0
0
0
0
0
0
0
0
0
0
0
0
0
0
0
0
0
node is list is.
65fbae1a
65faaa36
65fc5e0a
65f7ab02
65f8ab02
65f48832
65fe5e36
65fba936
65f7ad32
65fcb506
65f6aa06
65f85e32
65f75f36
65f65d1a
65f35f32
65faad06
65fa5c3a
65fb5e2a
65f8aa02
65f9b43a
65faaa2a
65faa90a
65f9aa52
65fdac52
65fb5f0a
65fbaa32
65f95d22
65f6be32
65fbb53a
65fab42a
65f6bb16
65faa536
65f9ad36
65f6ad16
65fdbe06
65f85e06
65f7a43a
0
0
0
0
0
0
0
0
0
0
0
0
0
0
0
0
0
0
0
0
0
0
0
0
0
0
0
0
0
0
0
0
0
Total generated data num: 1414
Total received data num: 1391

