pSlot summary.
0
0
0
0
0
0
0
0
0
0
0
0
0
0
0
0
18
1018
1031
1031
1325
1356
1357
1375
1375
1510
1514
1515
1516
1516
1517
1519
1522
1522
1523
1525
1526
1528
1531
1533
1534
1536
1536
1537
1537
1539
1540
1541
1543
1545
1546
1546
1546
1547
1550
1552
1553
1553
1553
1553
0
0
0
0
0
0
0
0
0
0
0
0
0
0
0
0
0
0
0
0
0
0
0
0
0
0
0
0
0
0
0
0
0
0
0
0
0
0
0
0
0
0
0
0
0
0
0
0
0
0
0
0
0
0
0
0
0
0
0
0
0
0
0
0
0
0
0
0
0
0
0
0
0
0
0
0
0
0
0
0
0
0
0
0
0
0
0
0
0
0
Total csma count: 3949
Wakeup record.
43483832 
43700317 
51995367 
43290279 
46409135 
71684670 
61415022 
48814672 
44035626 
55305654 
43092757 
44136324 
44294270 
46495931 
46630831 
46772282 
46404535 
64906794 
45363922 
45811833 
46020125 
48106291 
45127598 
43521830 
46383420 
43357214 
44854176 
71645429 
43347820 
46253927 
42931766 
57279758 
43632550 
81348564 
213711494 
42937620 
41965036 
40012024 
195065023 
43408743 
38980124 
35914424 
0 
0 
0 
0 
0 
0 
0 
0 
0 
0 
0 
0 
0 
0 
0 
0 
0 
0 
0 
0 
0 
0 
0 
0 
0 
0 
0 
0 
Lifetime record Low.
2723818849 
2710471715 
2701116992 
2691230434 
2745684209 
2736971997 
2736357141 
2699627568 
2731945681 
2707810955 
2702021346 
2728287526 
2741592641 
2747339781 
2742972310 
2743523118 
2696769962 
2718477382 
2746484401 
2710100258 
2713083655 
2744142365 
2698081636 
2686479130 
2734937043 
2705509633 
2746040388 
2710229508 
2701136441 
2732945579 
2689549110 
2729926505 
2725487911 
2708796621 
2523353756 
2542602445 
2428534279 
2504351593 
2402816514 
2500078373 
2411794204 
2228618539 
0 
0 
0 
0 
0 
0 
0 
0 
0 
0 
0 
0 
0 
0 
0 
0 
0 
0 
0 
0 
0 
0 
0 
0 
0 
0 
0 
0 
Lifetime record High.
0 
0 
0 
0 
0 
0 
0 
0 
0 
0 
0 
0 
0 
0 
0 
0 
0 
0 
0 
0 
0 
0 
0 
0 
0 
0 
0 
0 
0 
0 
0 
0 
0 
0 
0 
0 
0 
0 
0 
0 
0 
0 
0 
0 
0 
0 
0 
0 
0 
0 
0 
0 
0 
0 
0 
0 
0 
0 
0 
0 
0 
0 
0 
0 
0 
0 
0 
0 
0 
0 
Generate data record.
44
45
44
43
45
44
46
43
44
44
44
45
44
45
45
44
43
45
45
43
45
45
45
43
43
44
44
43
44
43
43
44
44
43
42
41
40
40
39
40
39
36
0
0
0
0
0
0
0
0
0
0
0
0
0
0
0
0
0
0
0
0
0
0
0
0
0
0
0
0
Received data record.
44
45
43
43
45
38
45
42
44
44
44
45
44
43
42
44
43
45
45
42
43
45
43
38
43
44
44
43
44
43
43
32
43
29
42
40
37
40
25
40
39
36
0
0
0
0
0
0
0
0
0
0
0
0
0
0
0
0
0
0
0
0
0
0
0
0
0
0
0
0
node is list is.
65f9ad0a
65f95f32
65fca902
65f65e26
65fa5d52
65f7b502
65f6bc32
65fab436
65f7a906
65fbaa16
65f6ae1a
65f65d26
65f6a526
65fb5f02
65f9aa1a
65f5bb06
65faae16
65fa5f32
65f6a532
65fab516
65f8b516
65fbaa02
65faae3a
65fab526
65f9a522
65f8a91a
65fb5e2a
65f85d0a
65fdac36
65f2be02
65f65806
65fda936
65faaa32
65faa432
65fc5c06
65f7a532
65f6ae02
65fa5c22
65faad02
65faaa52
65f4bb06
65fab522
0
0
0
0
0
0
0
0
0
0
0
0
0
0
0
0
0
0
0
0
0
0
0
0
0
0
0
0
Total generated data num: 1815
Total received data num: 1746
