szhou@grenoble:~$ nc m3-205.grenoble.iot-lab.info 20000
Slot summary.
0
0
0
0
0
0
0
0
0
0
0
0
0
0
0
0
0
0
0
0
0
0
0
166
181
182
197
199
325
325
325
325
325
325
325
325
325
325
325
325
325
325
325
326
327
328
330
330
331
332
334
334
336
337
337
337
337
338
338
339
0
0
0
0
0
0
0
0
0
0
0
0
0
0
0
0
0
0
0
0
0
0
0
0
0
0
0
0
0
0
0
0
0
0
0
0
0
0
0
0
0
0
0
0
0
0
0
0
0
0
0
0
0
0
0
0
0
0
0
0
0
0
0
0
0
0
0
0
0
0
0
0
0
0
0
0
0
0
0
0
0
0
0
0
0
0
0
0
0
0
Total csma count: 3076
Wakeup record.
38206881 
42855153 
38515554 
37885398 
38183453 
37764019 
42442082 
36958302 
37617543 
39972149 
38957853 
37767276 
38195825 
52351172 
40021471 
38122225 
38575295 
42146442 
43829583 
38367555 
39095321 
38080071 
38418336 
37719363 
46556946 
38264090 
37749847 
38630606 
37932000 
38537838 
51511425 
48961350 
46228631 
36950038 
36144037 
35106716 
35392400 
35952186 
36876732 
32584372 
33470556 
32948156 
0 
0 
0 
0 
0 
0 
0 
0 
0 
0 
0 
0 
0 
0 
0 
0 
0 
0 
0 
0 
0 
0 
0 
0 
0 
0 
0 
0 
Lifetime record Low.
2386036146 
2387470159 
2384076485 
2367022951 
2375282731 
2319225916 
2335522709 
2297126919 
2342250014 
2396753928 
2361587994 
2366096700 
2395622223 
2385333856 
2358152307 
2396806507 
2391136440 
2347075179 
2377763526 
2395483031 
2385113599 
2372932608 
2353224915 
2369922347 
2348967045 
2374943414 
2355677643 
2370412227 
2376544953 
2392507525 
2342456884 
2279965488 
2365942579 
2200624656 
2207366918 
2195149550 
2212400150 
2202567149 
2088699581 
2045215706 
2097708332 
2056961159 
0 
0 
0 
0 
0 
0 
0 
0 
0 
0 
0 
0 
0 
0 
0 
0 
0 
0 
0 
0 
0 
0 
0 
0 
0 
0 
0 
0 
Lifetime record High.
0 
0 
0 
0 
0 
0 
0 
0 
0 
0 
0 
0 
0 
0 
0 
0 
0 
0 
0 
0 
0 
0 
0 
0 
0 
0 
0 
0 
0 
0 
0 
0 
0 
0 
0 
0 
0 
0 
0 
0 
0 
0 
0 
0 
0 
0 
0 
0 
0 
0 
0 
0 
0 
0 
0 
0 
0 
0 
0 
0 
0 
0 
0 
0 
0 
0 
0 
0 
0 
0 
Generate data record.
39
39
38
39
39
38
38
38
38
39
38
38
39
39
39
38
38
38
38
38
39
37
37
39
38
39
37
37
38
38
37
37
39
36
36
35
35
35
34
33
35
34
0
0
0
0
0
0
0
0
0
0
0
0
0
0
0
0
0
0
0
0
0
0
0
0
0
0
0
0
Received data record.
39
38
38
39
39
37
38
37
38
39
37
38
39
39
39
38
37
37
36
38
38
37
37
35
38
39
34
36
36
37
34
36
35
36
35
35
35
34
34
33
34
33
0
0
0
0
0
0
0
0
0
0
0
0
0
0
0
0
0
0
0
0
0
0
0
0
0
0
0
0
node is list is.
65fb5e2a
65fa5f32
65faae3a
65f6ae02
65f65d26
65f85d0a
65f4bb06
65fdac36
65faaa52
65fc5c06
65f6a526
65fab516
65fab436
65fb5f02
65fa5c22
65f9ad0a
65fbaa02
65f8b516
65faae16
65faaa32
65fca902
65f9a522
65f65e26
65fda936
65f9aa1a
65f7a906
65fa5d52
65fab522
65f65806
65f8a91a
65faad02
65f7b502
65f2be02
65fab526
65faa432
65f95f32
65f7a532
65f6a532
65f6ae1a
65fbaa16
65f5bb06
65f6bc32
0
0
0
0
0
0
0
0
0
0
0
0
0
0
0
0
0
0
0
0
0
0
0
0
0
0
0
0
Total generated data num: 1573
Total received data num: 1541
