szhou@grenoble:~$ nc m3-205.grenoble.iot-lab.info 20000
Slot summary.
0
0
0
0
0
0
0
0
0
0
0
0
0
0
0
0
0
0
0
0
0
0
0
154
156
156
168
231
231
231
231
231
231
231
231
231
231
232
232
232
232
232
232
232
232
232
233
233
233
233
234
234
235
236
236
236
236
236
236
236
0
0
0
0
0
0
0
0
0
0
0
0
0
0
0
0
0
0
0
0
0
0
0
0
0
0
0
0
0
0
0
0
0
0
0
0
0
0
0
0
0
0
0
0
0
0
0
0
0
0
0
0
0
0
0
0
0
0
0
0
0
0
0
0
0
0
0
0
0
0
0
0
0
0
0
0
0
0
0
0
0
0
0
0
0
0
0
0
0
0
Total csma count: 1976
Wakeup record.
38042099 
42065209 
41222159 
38630885 
37411697 
37671071 
39016234 
38251008 
37938131 
37725811 
37885251 
43036311 
38100802 
38306951 
42362373 
37767440 
38131827 
64284146 
52555678 
35259351 
34453044 
35899466 
34466841 
34545959 
36777019 
34442022 
0 
0 
0 
0 
0 
0 
0 
0 
0 
0 
0 
0 
0 
0 
0 
0 
0 
0 
0 
0 
0 
0 
0 
0 
0 
0 
0 
0 
0 
0 
0 
0 
0 
0 
0 
0 
0 
0 
0 
0 
0 
0 
0 
0 
Lifetime record Low.
2386035377 
2373966328 
2368246813 
2352791343 
2349074421 
2340621021 
2354798516 
2389479874 
2377466401 
2350482730 
2333148534 
2383224462 
2396016868 
2383941182 
2391281911 
2361125685 
2364478400 
2341473361 
2386921436 
2181014390 
2164385111 
2204831839 
2168875422 
2165630619 
2137457355 
2166911896 
0 
0 
0 
0 
0 
0 
0 
0 
0 
0 
0 
0 
0 
0 
0 
0 
0 
0 
0 
0 
0 
0 
0 
0 
0 
0 
0 
0 
0 
0 
0 
0 
0 
0 
0 
0 
0 
0 
0 
0 
0 
0 
0 
0 
Lifetime record High.
0 
0 
0 
0 
0 
0 
0 
0 
0 
0 
0 
0 
0 
0 
0 
0 
0 
0 
0 
0 
0 
0 
0 
0 
0 
0 
0 
0 
0 
0 
0 
0 
0 
0 
0 
0 
0 
0 
0 
0 
0 
0 
0 
0 
0 
0 
0 
0 
0 
0 
0 
0 
0 
0 
0 
0 
0 
0 
0 
0 
0 
0 
0 
0 
0 
0 
0 
0 
0 
0 
Generate data record.
39
38
38
38
38
38
37
38
39
38
38
37
39
39
38
38
38
37
39
35
35
35
34
34
34
34
0
0
0
0
0
0
0
0
0
0
0
0
0
0
0
0
0
0
0
0
0
0
0
0
0
0
0
0
0
0
0
0
0
0
0
0
0
0
0
0
0
0
0
0
Received data record.
39
38
38
38
38
38
37
38
39
37
38
36
39
39
38
38
38
37
31
34
35
35
33
33
34
34
0
0
0
0
0
0
0
0
0
0
0
0
0
0
0
0
0
0
0
0
0
0
0
0
0
0
0
0
0
0
0
0
0
0
0
0
0
0
0
0
0
0
0
0
node is list is.
65fb5e2a
65f9aa1a
65faaa52
65faa432
65f8b516
65fab436
65fbaa16
65f7a532
65f95f32
65faaa32
65fa5c22
65f65e26
65f6ae1a
65f2be02
65f65d26
65fdac36
65f6a532
65fab526
65fda936
65f9ad0a
65fa5d52
65f6bc32
65f65806
65fb5f02
65fab516
65fab522
0
0
0
0
0
0
0
0
0
0
0
0
0
0
0
0
0
0
0
0
0
0
0
0
0
0
0
0
0
0
0
0
0
0
0
0
0
0
0
0
0
0
0
0
Total generated data num: 965
Total received data num: 952
^C
szhou@grenoble:~$ ^C

