szhou@grenoble:~$ nc m3-70.grenoble.iot-lab.info 20000
Slot summary.
0
0
0
9
103
122
122
145
458
459
459
461
461
463
464
465
466
467
468
464
467
468
474
475
474
475
476
480
476
480
480
481
482
484
485
485
486
486
487
487
488
489
490
490
490
491
492
493
494
491
497
494
500
501
497
498
502
502
505
506
0
0
0
0
0
0
0
0
0
0
0
0
0
0
0
0
0
0
0
0
0
0
0
0
0
0
0
0
0
0
0
0
0
0
0
0
0
0
0
0
0
0
0
0
0
0
0
0
0
0
0
0
0
0
0
0
0
0
0
0
0
0
0
0
0
0
0
0
0
0
0
0
0
0
0
0
0
0
0
0
0
0
0
0
0
0
0
0
0
0
Total csma count: 3582
Wakeup record.
57265967 
56958166 
56388742 
63724805 
61954766 
57153817 
62843418 
56856162 
56507678 
56763109 
55855827 
57793543 
58704289 
58545371 
56668492 
56706833 
59041631 
57094407 
56331611 
56944970 
57604536 
58571635 
56284472 
56790340 
57125034 
60684910 
56850253 
57866012 
56442611 
56983871 
61100732 
53862696 
53289342 
62412869 
54730403 
53548889 
52319081 
52037634 
52854730 
0 
0 
0 
0 
0 
0 
0 
0 
0 
0 
0 
0 
0 
0 
0 
0 
0 
0 
0 
0 
0 
0 
0 
0 
0 
0 
0 
0 
0 
0 
0 
Lifetime record Low.
3503431923 
3518018452 
3530006290 
3537952185 
3486165460 
3539433513 
3486169252 
3487891687 
3512897883 
3518957190 
3486954657 
3476298120 
3517797887 
3523048529 
3509775204 
3495247098 
3495128404 
3536760750 
3508912588 
3483254993 
3522662125 
3539114488 
3500898171 
3528488268 
3512281099 
3524491094 
3508826940 
3509816274 
3511924074 
3491422327 
3514753858 
3323224656 
3311516553 
3265579061 
3332751040 
3313567861 
3276548380 
3247764987 
3259899258 
0 
0 
0 
0 
0 
0 
0 
0 
0 
0 
0 
0 
0 
0 
0 
0 
0 
0 
0 
0 
0 
0 
0 
0 
0 
0 
0 
0 
0 
0 
0 
Lifetime record High.
0 
0 
0 
0 
0 
0 
0 
0 
0 
0 
0 
0 
0 
0 
0 
0 
0 
0 
0 
0 
0 
0 
0 
0 
0 
0 
0 
0 
0 
0 
0 
0 
0 
0 
0 
0 
0 
0 
0 
0 
0 
0 
0 
0 
0 
0 
0 
0 
0 
0 
0 
0 
0 
0 
0 
0 
0 
0 
0 
0 
0 
0 
0 
0 
0 
0 
0 
0 
0 
0 
Generate data record.
58
57
58
57
57
58
57
57
57
59
58
57
59
57
57
57
57
58
57
57
57
57
56
59
57
58
57
59
56
57
57
54
55
53
54
52
52
55
54
0
0
0
0
0
0
0
0
0
0
0
0
0
0
0
0
0
0
0
0
0
0
0
0
0
0
0
0
0
0
0
Received data record.
58
56
115
114
57
58
49
56
57
58
57
57
59
55
57
57
57
58
57
57
57
57
55
58
57
58
57
57
55
56
56
54
55
52
53
52
52
55
53
0
0
0
0
0
0
0
0
0
0
0
0
0
0
0
0
0
0
0
0
0
0
0
0
0
0
0
0
0
0
0
node is list is.
65fe5e36
65fbae1a
65f7ad32
65fba936
65fc5e0a
65fc5e36
65fd5e0a
65f8ab02
65f48832
65f9ad36
65fdbe02
65fa5d26
65faa536
65fb5e2a
65faae16
65faa90a
65fdac52
65fbb53a
65f75f0a
65f6bb16
65f95d22
65f8aa02
65f7ab02
65f35f32
65f7a43a
65fbaa32
65fdbe06
65fab42a
65fb5f0a
65fcb506
65fd5c06
65faaa36
65f75f36
65faaa2a
65f6be32
65f85e32
65f65d1a
65f6ad16
65f6aa06
0
0
0
0
0
0
0
0
0
0
0
0
0
0
0
0
0
0
0
0
0
0
0
0
0
0
0
0
0
0
0
Total generated data num: 2208
Total received data num: 2298

