szhou@strasbourg:~$ nc m3-54.strasbourg.iot-lab.info 20000
Slot summary.
0
0
0
0
0
0
0
0
0
0
0
0
0
0
0
0
0
0
0
0
0
0
6
133
133
133
150
161
182
190
190
190
190
190
190
190
190
190
190
190
190
190
190
190
190
191
191
191
191
191
191
191
191
191
191
191
192
192
192
193
0
0
0
0
0
0
0
0
0
0
0
0
0
0
0
0
0
0
0
0
0
0
0
0
0
0
0
0
0
0
0
0
0
0
0
0
0
0
0
0
0
0
0
0
0
0
0
0
0
0
0
0
0
0
0
0
0
0
0
0
0
0
0
0
0
0
0
0
0
0
0
0
0
0
0
0
0
0
0
0
0
0
0
0
0
0
0
0
0
0
Total csma count: 2259
Wakeup record.
38790257 
37860819 
37200573 
38122354 
38279821 
37608171 
38130603 
38314056 
38471152 
37276690 
37964232 
38190915 
37904771 
38428995 
37332972 
38176200 
38094191 
38621259 
38616648 
37599337 
38198958 
37907468 
42729418 
37776277 
37250599 
38367641 
37929580 
35201195 
34552526 
34673631 
35178245 
35270028 
34828054 
34191616 
33623203 
33702567 
33105512 
0 
0 
0 
0 
0 
0 
0 
0 
0 
0 
0 
0 
0 
0 
0 
0 
0 
0 
0 
0 
0 
0 
0 
0 
0 
0 
0 
0 
0 
0 
0 
0 
0 
Lifetime record Low.
2385720248 
2349977538 
2343046632 
2394925903 
2342991694 
2362982600 
2382675120 
2386965633 
2370396922 
2344772265 
2363976686 
2364086734 
2334418849 
2369808958 
2348445025 
2390405952 
2378408428 
2397700142 
2390056814 
2365390835 
2372963389 
2348212394 
2396978768 
2367248963 
2337338156 
2347465747 
2327984215 
2206356370 
2173447810 
2180698208 
2207071902 
2213705463 
2170721635 
2145350471 
2114284785 
2094387509 
2062275041 
0 
0 
0 
0 
0 
0 
0 
0 
0 
0 
0 
0 
0 
0 
0 
0 
0 
0 
0 
0 
0 
0 
0 
0 
0 
0 
0 
0 
0 
0 
0 
0 
0 
Lifetime record High.
0 
0 
0 
0 
0 
0 
0 
0 
0 
0 
0 
0 
0 
0 
0 
0 
0 
0 
0 
0 
0 
0 
0 
0 
0 
0 
0 
0 
0 
0 
0 
0 
0 
0 
0 
0 
0 
0 
0 
0 
0 
0 
0 
0 
0 
0 
0 
0 
0 
0 
0 
0 
0 
0 
0 
0 
0 
0 
0 
0 
0 
0 
0 
0 
0 
0 
0 
0 
0 
0 
Generate data record.
39
38
38
39
39
38
39
40
39
38
38
38
37
39
37
39
39
38
38
38
38
37
39
37
37
37
37
36
36
35
36
35
34
33
34
33
32
0
0
0
0
0
0
0
0
0
0
0
0
0
0
0
0
0
0
0
0
0
0
0
0
0
0
0
0
0
0
0
0
0
Received data record.
39
38
38
39
39
38
39
40
39
38
38
38
37
39
37
39
39
38
38
38
38
37
39
37
37
37
37
36
36
35
36
35
34
33
34
33
32
0
0
0
0
0
0
0
0
0
0
0
0
0
0
0
0
0
0
0
0
0
0
0
0
0
0
0
0
0
0
0
0
0
node is list is.
65fa590a
65f95a22
65fd5836
65fa543a
65fb5406
65f85406
65fd593a
65f65b36
65f45506
65fb5a36
65fa5436
65fa5402
65f75802
65f25b06
65f75b22
65fd5936
65f85506
65fa5822
65fa5836
65fc5832
65f75a32
65fd5902
65f85a22
65fa5432
65f65f02
65fa583a
65f75a0a
65f95832
65f75822
65f64c0a
65fb5b26
65f75506
65fb5a26
65fa5a26
65fa5b0a
65f95836
65f95a06
0
0
0
0
0
0
0
0
0
0
0
0
0
0
0
0
0
0
0
0
0
0
0
0
0
0
0
0
0
0
0
0
0
Total generated data num: 1374
Total received data num: 1374
