szhou@strasbourg:~$ nc m3-54.strasbourg.iot-lab.info 20000
Slot summary.
0
0
0
0
0
0
0
0
0
0
0
0
0
0
0
0
0
0
50
154
154
154
171
186
186
186
186
186
186
186
186
186
186
186
186
186
186
186
186
186
186
186
186
186
186
186
186
186
186
186
186
186
186
186
186
186
186
186
186
186
0
0
0
0
0
0
0
0
0
0
0
0
0
0
0
0
0
0
0
0
0
0
0
0
0
0
0
0
0
0
0
0
0
0
0
0
0
0
0
0
0
0
0
0
0
0
0
0
0
0
0
0
0
0
0
0
0
0
0
0
0
0
0
0
0
0
0
0
0
0
0
0
0
0
0
0
0
0
0
0
0
0
0
0
0
0
0
0
0
0
Total csma count: 2190
Wakeup record.
42203927 
42067075 
41618014 
42219929 
42025794 
41985619 
42384286 
42136916 
41640431 
41939534 
42256416 
42171956 
42034907 
41833435 
42323096 
41602343 
42254211 
41474432 
42045619 
41781254 
41234875 
42331761 
42488441 
42220230 
41774856 
42858914 
41864412 
42116562 
42192524 
42763281 
42239220 
38662813 
38446670 
39365604 
39523902 
39598884 
38823232 
0 
0 
0 
0 
0 
0 
0 
0 
0 
0 
0 
0 
0 
0 
0 
0 
0 
0 
0 
0 
0 
0 
0 
0 
0 
0 
0 
0 
0 
0 
0 
0 
0 
Lifetime record Low.
2655398789 
2647050510 
2616462165 
2652452003 
2614432647 
2594994102 
2629980073 
2640417126 
2608342873 
2625254275 
2639992106 
2612981541 
2631419378 
2616399610 
2623811905 
2614714856 
2616703186 
2601387891 
2641397439 
2623399813 
2590352501 
2619983199 
2656055107 
2621968926 
2626957819 
2656216218 
2615422318 
2618968988 
2656106551 
2651473054 
2647423041 
2415569350 
2396223891 
2474897620 
2450807188 
2467477042 
2412982099 
0 
0 
0 
0 
0 
0 
0 
0 
0 
0 
0 
0 
0 
0 
0 
0 
0 
0 
0 
0 
0 
0 
0 
0 
0 
0 
0 
0 
0 
0 
0 
0 
0 
Lifetime record High.
0 
0 
0 
0 
0 
0 
0 
0 
0 
0 
0 
0 
0 
0 
0 
0 
0 
0 
0 
0 
0 
0 
0 
0 
0 
0 
0 
0 
0 
0 
0 
0 
0 
0 
0 
0 
0 
0 
0 
0 
0 
0 
0 
0 
0 
0 
0 
0 
0 
0 
0 
0 
0 
0 
0 
0 
0 
0 
0 
0 
0 
0 
0 
0 
0 
0 
0 
0 
0 
0 
Generate data record.
44
43
42
44
43
43
42
43
43
43
43
43
42
42
43
42
42
42
42
42
42
43
43
42
42
42
42
42
41
43
43
40
40
39
40
39
40
0
0
0
0
0
0
0
0
0
0
0
0
0
0
0
0
0
0
0
0
0
0
0
0
0
0
0
0
0
0
0
0
0
Received data record.
44
43
42
44
43
43
42
43
43
43
43
43
42
40
43
42
41
42
42
42
42
43
43
42
42
42
42
42
41
43
43
40
40
39
40
39
40
0
0
0
0
0
0
0
0
0
0
0
0
0
0
0
0
0
0
0
0
0
0
0
0
0
0
0
0
0
0
0
0
0
node is list is.
65fc5832
65fd5836
65f64c0a
65f75b22
65fb5a26
65fb5406
65fa5436
65f75506
65f65f02
65fa5432
65f75a0a
65f95a22
65f75802
65f45506
65f25b06
65fc590a
65fa5822
65f95832
65fd5936
65fe5936
65fb5b26
65f65a22
65fa5836
65f75a32
65fa5a32
65fd5902
65f95a26
65f65b36
65f8592a
65fa583a
65fa5a26
65fd593a
65fa543a
65fa5b0a
65f85a22
65f95b02
65f95a06
0
0
0
0
0
0
0
0
0
0
0
0
0
0
0
0
0
0
0
0
0
0
0
0
0
0
0
0
0
0
0
0
0
Total generated data num: 1556
Total received data num: 1553
