szhou@strasbourg:~$ nc m3-54.strasbourg.iot-lab.info 20000
Slot summary.
0
0
0
0
0
0
0
0
0
0
0
0
0
0
0
0
0
0
0
0
0
0
0
97
107
108
127
153
162
163
163
163
163
163
163
164
164
164
164
164
165
165
166
166
166
166
166
166
167
167
168
168
168
168
168
168
168
168
168
168
0
0
0
0
0
0
0
0
0
0
0
0
0
0
0
0
0
0
0
0
0
0
0
0
0
0
0
0
0
0
0
0
0
0
0
0
0
0
0
0
0
0
0
0
0
0
0
0
0
0
0
0
0
0
0
0
0
0
0
0
0
0
0
0
0
0
0
0
0
0
0
0
0
0
0
0
0
0
0
0
0
0
0
0
0
0
0
0
0
0
Total csma count: 2432
Wakeup record.
37347245 
37595984 
38172022 
38067238 
37729710 
38290639 
37281452 
37640537 
38410142 
38274142 
38005633 
38275294 
38132716 
37416116 
37999670 
37824770 
38304222 
38354322 
38383046 
38147078 
37517087 
42508153 
38741832 
39327442 
38150998 
37366734 
35300660 
35156980 
34527909 
34126797 
35038717 
35043366 
34542153 
35222269 
33496466 
33453582 
33800359 
33960763 
0 
0 
0 
0 
0 
0 
0 
0 
0 
0 
0 
0 
0 
0 
0 
0 
0 
0 
0 
0 
0 
0 
0 
0 
0 
0 
0 
0 
0 
0 
0 
0 
Lifetime record Low.
2333393645 
2365459519 
2363978022 
2342991014 
2365412549 
2381760852 
2336395783 
2368767848 
2397926056 
2397416358 
2391101836 
2370213651 
2397683717 
2343251637 
2356085416 
2356416294 
2386677328 
2374979937 
2364419102 
2364428356 
2343962733 
2395053847 
2395470210 
2375421042 
2379407770 
2350047259 
2192929403 
2204676231 
2172246372 
2144862814 
2154062546 
2204583677 
2165425732 
2179868297 
2106735710 
2063161077 
2121508228 
2133065310 
0 
0 
0 
0 
0 
0 
0 
0 
0 
0 
0 
0 
0 
0 
0 
0 
0 
0 
0 
0 
0 
0 
0 
0 
0 
0 
0 
0 
0 
0 
0 
0 
Lifetime record High.
0 
0 
0 
0 
0 
0 
0 
0 
0 
0 
0 
0 
0 
0 
0 
0 
0 
0 
0 
0 
0 
0 
0 
0 
0 
0 
0 
0 
0 
0 
0 
0 
0 
0 
0 
0 
0 
0 
0 
0 
0 
0 
0 
0 
0 
0 
0 
0 
0 
0 
0 
0 
0 
0 
0 
0 
0 
0 
0 
0 
0 
0 
0 
0 
0 
0 
0 
0 
0 
0 
Generate data record.
37
38
38
39
39
39
38
39
39
38
39
38
38
38
38
37
38
39
38
38
37
39
38
38
38
38
35
35
35
34
34
35
35
35
34
33
34
34
0
0
0
0
0
0
0
0
0
0
0
0
0
0
0
0
0
0
0
0
0
0
0
0
0
0
0
0
0
0
0
0
Received data record.
37
38
38
39
39
39
38
39
39
38
39
38
38
38
38
37
38
39
38
38
37
39
38
38
38
38
35
35
35
33
34
35
35
35
34
33
34
34
0
0
0
0
0
0
0
0
0
0
0
0
0
0
0
0
0
0
0
0
0
0
0
0
0
0
0
0
0
0
0
0
node is list is.
65fe5936
65f64c0a
65f85a22
65fb5406
65f75506
65f95a06
65f45506
65fb5a36
65fa543a
65f75802
65f8592a
65fd5902
65f75822
65fa5432
65fa5402
65f95a26
65fd593a
65f65a22
65fa5a26
65fb5a26
65f65b36
65f95836
65fa583a
65f95b02
65f85506
65fd5836
65fa5822
65f85406
65fd5936
65fa590a
65fa5a32
65fc5832
65fb5b26
65f75b22
65f65f02
65fa5836
65fc590a
65f75a0a
0
0
0
0
0
0
0
0
0
0
0
0
0
0
0
0
0
0
0
0
0
0
0
0
0
0
0
0
0
0
0
0
Total generated data num: 1406
Total received data num: 1405
