szhou@strasbourg:~$ nc m3-54.strasbourg.iot-lab.info 20000
Slot summary.
0
0
0
0
0
0
0
0
0
0
0
0
0
0
0
0
0
0
0
0
0
0
0
166
201
201
205
217
217
217
217
217
217
217
217
217
217
217
217
217
217
217
217
217
217
217
218
218
218
218
219
219
220
220
221
221
221
221
221
221
0
0
0
0
0
0
0
0
0
0
0
0
0
0
0
0
0
0
0
0
0
0
0
0
0
0
0
0
0
0
0
0
0
0
0
0
0
0
0
0
0
0
0
0
0
0
0
0
0
0
0
0
0
0
0
0
0
0
0
0
0
0
0
0
0
0
0
0
0
0
0
0
0
0
0
0
0
0
0
0
0
0
0
0
0
0
0
0
0
0
Total csma count: 2414
Wakeup record.
38173446 
38634006 
38348996 
37707253 
38091310 
38223325 
38319718 
37965243 
37852684 
38084936 
38086422 
38678578 
38040891 
38548480 
37945220 
37703215 
37941240 
37789553 
38517769 
37474003 
37598710 
39000214 
38225400 
38655286 
38969410 
38631756 
38131091 
38499901 
37558844 
37653849 
37609778 
37641797 
38557267 
40125862 
37569971 
34269312 
35129271 
33690884 
0 
0 
0 
0 
0 
0 
0 
0 
0 
0 
0 
0 
0 
0 
0 
0 
0 
0 
0 
0 
0 
0 
0 
0 
0 
0 
0 
0 
0 
0 
0 
0 
Lifetime record Low.
2358773126 
2357980748 
2384053322 
2365457074 
2357978938 
2342990783 
2378674048 
2376252073 
2352414112 
2392397424 
2370808193 
2364085034 
2354047640 
2381984428 
2380718517 
2341699157 
2360391134 
2369338724 
2394976788 
2359346316 
2363102713 
2366444084 
2372963263 
2392213359 
2365469672 
2347398282 
2364416825 
2364428017 
2351386082 
2361395509 
2356416368 
2345923672 
2394420682 
2339976799 
2361419279 
2155231524 
2194557842 
2118103207 
0 
0 
0 
0 
0 
0 
0 
0 
0 
0 
0 
0 
0 
0 
0 
0 
0 
0 
0 
0 
0 
0 
0 
0 
0 
0 
0 
0 
0 
0 
0 
0 
Lifetime record High.
0 
0 
0 
0 
0 
0 
0 
0 
0 
0 
0 
0 
0 
0 
0 
0 
0 
0 
0 
0 
0 
0 
0 
0 
0 
0 
0 
0 
0 
0 
0 
0 
0 
0 
0 
0 
0 
0 
0 
0 
0 
0 
0 
0 
0 
0 
0 
0 
0 
0 
0 
0 
0 
0 
0 
0 
0 
0 
0 
0 
0 
0 
0 
0 
0 
0 
0 
0 
0 
0 
Generate data record.
39
38
39
38
38
39
39
40
38
39
38
38
38
38
38
37
38
38
39
38
38
37
38
38
38
40
38
38
39
38
38
38
38
37
38
34
35
34
0
0
0
0
0
0
0
0
0
0
0
0
0
0
0
0
0
0
0
0
0
0
0
0
0
0
0
0
0
0
0
0
Received data record.
39
38
39
38
38
39
39
40
38
39
38
38
38
38
38
37
38
38
39
38
38
37
38
38
38
40
38
38
39
38
38
38
38
37
38
34
35
34
0
0
0
0
0
0
0
0
0
0
0
0
0
0
0
0
0
0
0
0
0
0
0
0
0
0
0
0
0
0
0
0
node is list is.
65fb5a36
65f95a22
65f95836
65f64c0a
65f65a22
65fb5406
65fa5b0a
65fa5432
65f75506
65fd5936
65f25b06
65fa5402
65fd5836
65f75a0a
65fa590a
65fa5822
65fc5832
65f65f02
65f85a22
65fb5b26
65f8592a
65f75b22
65f75a32
65fd5902
65fa583a
65fe5936
65f95a26
65fb5a26
65f95832
65f45506
65f75802
65fa543a
65f95b02
65fa5436
65fa5a26
65fc590a
65fd593a
65fa5a32
0
0
0
0
0
0
0
0
0
0
0
0
0
0
0
0
0
0
0
0
0
0
0
0
0
0
0
0
0
0
0
0
Total generated data num: 1441
Total received data num: 1441

