Slot summary.
0
0
0
0
0
0
0
0
0
0
0
0
0
0
0
0
0
0
0
0
0
0
4
108
125
125
141
152
152
152
152
152
152
152
152
152
152
152
152
152
152
152
152
152
152
152
152
152
152
152
152
152
152
152
152
152
152
152
152
152
0
0
0
0
0
0
0
0
0
0
0
0
0
0
0
0
0
0
0
0
0
0
0
0
0
0
0
0
0
0
0
0
0
0
0
0
0
0
0
0
0
0
0
0
0
0
0
0
0
0
0
0
0
0
0
0
0
0
0
0
0
0
0
0
0
0
0
0
0
0
0
0
0
0
0
0
0
0
0
0
0
0
0
0
0
0
0
0
0
0
Total csma count: 2378
Wakeup record.
37891415 
38007071 
37331246 
37992281 
38665677 
38126272 
37997884 
37421084 
37282976 
37662299 
38282722 
39720109 
38321732 
37732405 
38442070 
37856912 
38644164 
38140803 
37870468 
37672760 
37890635 
38221029 
37845966 
37358479 
37220976 
38335765 
38307669 
38222433 
37467310 
37715270 
38428515 
38923018 
35057392 
34979449 
35570829 
35018773 
34819439 
35484339 
34171897 
33741217 
0 
0 
0 
0 
0 
0 
0 
0 
0 
0 
0 
0 
0 
0 
0 
0 
0 
0 
0 
0 
0 
0 
0 
0 
0 
0 
0 
0 
0 
0 
Lifetime record Low.
2380457482 
2383395078 
2339050931 
2357978937 
2395975966 
2362982217 
2336407517 
2336411492 
2336395510 
2355718621 
2397416693 
2389978400 
2372084252 
2365417792 
2381984578 
2380711631 
2397701856 
2397683405 
2357207954 
2371447622 
2352394656 
2362056202 
2350429903 
2350770968 
2331954153 
2372963560 
2346340038 
2372394376 
2355100734 
2357677340 
2394420667 
2394047444 
2197067250 
2179934662 
2198203908 
2188198435 
2153809185 
2207608206 
2141458633 
2107323787 
0 
0 
0 
0 
0 
0 
0 
0 
0 
0 
0 
0 
0 
0 
0 
0 
0 
0 
0 
0 
0 
0 
0 
0 
0 
0 
0 
0 
0 
0 
Lifetime record High.
0 
0 
0 
0 
0 
0 
0 
0 
0 
0 
0 
0 
0 
0 
0 
0 
0 
0 
0 
0 
0 
0 
0 
0 
0 
0 
0 
0 
0 
0 
0 
0 
0 
0 
0 
0 
0 
0 
0 
0 
0 
0 
0 
0 
0 
0 
0 
0 
0 
0 
0 
0 
0 
0 
0 
0 
0 
0 
0 
0 
0 
0 
0 
0 
0 
0 
0 
0 
0 
0 
Generate data record.
39
39
38
38
39
38
38
38
38
38
38
40
39
37
38
38
38
38
38
39
38
38
38
37
37
38
37
38
38
38
38
38
37
35
35
35
35
35
34
34
0
0
0
0
0
0
0
0
0
0
0
0
0
0
0
0
0
0
0
0
0
0
0
0
0
0
0
0
0
0
Received data record.
39
39
38
38
39
37
38
38
38
38
38
40
39
37
38
38
38
38
38
39
38
38
38
37
37
38
37
38
38
38
38
38
37
35
35
35
35
35
34
34
0
0
0
0
0
0
0
0
0
0
0
0
0
0
0
0
0
0
0
0
0
0
0
0
0
0
0
0
0
0
node is list is.
65f64c0a
65fe5936
65fa5836
65f65a22
65f85a22
65f85406
65f85506
65f75506
65f45506
65fa590a
65f75802
65fa5436
65fa5402
65fa5a26
65f75a0a
65fc590a
65fa5822
65f75822
65fd5902
65f75b22
65fd5936
65f95836
65fb5a26
65fb5a36
65fa5a32
65f75a32
65f65f02
65fc5832
65f8592a
65fd593a
65f95b02
65fd5836
65f95832
65f95a26
65fb5406
65fa5922
65fa583a
65fb5b26
65fa5432
65fa543a
0
0
0
0
0
0
0
0
0
0
0
0
0
0
0
0
0
0
0
0
0
0
0
0
0
0
0
0
0
0
Total generated data num: 1499
Total received data num: 1498
