Slot summary.
0
0
0
0
0
0
0
0
0
0
0
0
0
0
0
0
0
0
0
122
200
200
202
217
217
251
251
251
251
251
251
251
251
251
251
251
251
251
251
251
251
251
251
251
251
251
251
251
251
251
251
251
251
251
251
251
251
251
251
251
0
0
0
0
0
0
0
0
0
0
0
0
0
0
0
0
0
0
0
0
0
0
0
0
0
0
0
0
0
0
0
0
0
0
0
0
0
0
0
0
0
0
0
0
0
0
0
0
0
0
0
0
0
0
0
0
0
0
0
0
0
0
0
0
0
0
0
0
0
0
0
0
0
0
0
0
0
0
0
0
0
0
0
0
0
0
0
0
0
0
Total csma count: 2207
Wakeup record.
40792290 
41529498 
40987729 
42222979 
40873087 
41315992 
41160327 
40803596 
41271110 
41718978 
41285251 
41283411 
41211619 
41369355 
41621105 
41122983 
40974137 
41625976 
41636557 
41543822 
41402965 
41001758 
41076762 
40807356 
42101097 
41900687 
40833122 
42631408 
42009847 
42003494 
41536259 
40833024 
39103871 
38597523 
37920536 
36963092 
36703313 
0 
0 
0 
0 
0 
0 
0 
0 
0 
0 
0 
0 
0 
0 
0 
0 
0 
0 
0 
0 
0 
0 
0 
0 
0 
0 
0 
0 
0 
0 
0 
0 
0 
Lifetime record Low.
2566775128 
2579762790 
2574396371 
2612463292 
2570049839 
2563977768 
2580414144 
2554987658 
2575410605 
2581210128 
2571964610 
2589143322 
2579253901 
2590988065 
2610341789 
2579418248 
2575397089 
2614721960 
2616686547 
2597348385 
2573054444 
2563679141 
2583957378 
2567449147 
2615423652 
2615421966 
2560397449 
2615431042 
2604085364 
2613927783 
2570468599 
2569715120 
2432747078 
2388704917 
2384815452 
2286095316 
2265462918 
0 
0 
0 
0 
0 
0 
0 
0 
0 
0 
0 
0 
0 
0 
0 
0 
0 
0 
0 
0 
0 
0 
0 
0 
0 
0 
0 
0 
0 
0 
0 
0 
0 
Lifetime record High.
0 
0 
0 
0 
0 
0 
0 
0 
0 
0 
0 
0 
0 
0 
0 
0 
0 
0 
0 
0 
0 
0 
0 
0 
0 
0 
0 
0 
0 
0 
0 
0 
0 
0 
0 
0 
0 
0 
0 
0 
0 
0 
0 
0 
0 
0 
0 
0 
0 
0 
0 
0 
0 
0 
0 
0 
0 
0 
0 
0 
0 
0 
0 
0 
0 
0 
0 
0 
0 
0 
Generate data record.
42
42
41
43
42
42
42
42
42
41
42
42
43
42
42
41
42
42
42
41
41
41
41
41
42
42
40
42
41
43
41
41
40
38
38
37
37
0
0
0
0
0
0
0
0
0
0
0
0
0
0
0
0
0
0
0
0
0
0
0
0
0
0
0
0
0
0
0
0
0
Received data record.
42
42
41
43
42
42
42
42
42
41
42
42
43
42
42
41
42
42
42
41
41
41
41
41
42
42
40
42
41
43
41
41
40
38
38
37
37
0
0
0
0
0
0
0
0
0
0
0
0
0
0
0
0
0
0
0
0
0
0
0
0
0
0
0
0
0
0
0
0
0
node is list is.
65fb5a36
65f95a06
65fe5936
65f64c0a
65fd5836
65f85a22
65f75506
65f75a0a
65f85506
65fd5902
65f65b36
65fa5922
65fa5432
65f85406
65f65f02
65f75802
65fd5936
65fa590a
65f75822
65fb5b26
65f95836
65fd593a
65fa5a32
65f75b22
65f95a26
65fa5a26
65f45506
65fb5a26
65fa5402
65fa543a
65fa583a
65fc590a
65fc5832
65f65a22
65f8592a
65fa5822
65fb5406
0
0
0
0
0
0
0
0
0
0
0
0
0
0
0
0
0
0
0
0
0
0
0
0
0
0
0
0
0
0
0
0
0
Total generated data n
