szhou@strasbourg:~$ nc m3-54.strasbourg.iot-lab.info 20000
Slot summary.
0
0
0
0
0
0
0
0
0
0
0
0
0
0
0
0
0
0
0
0
0
0
4
143
151
151
161
164
164
164
164
164
164
164
164
164
164
164
164
164
164
164
164
164
164
164
164
164
164
164
164
164
164
164
164
164
164
164
164
164
0
0
0
0
0
0
0
0
0
0
0
0
0
0
0
0
0
0
0
0
0
0
0
0
0
0
0
0
0
0
0
0
0
0
0
0
0
0
0
0
0
0
0
0
0
0
0
0
0
0
0
0
0
0
0
0
0
0
0
0
0
0
0
0
0
0
0
0
0
0
0
0
0
0
0
0
0
0
0
0
0
0
0
0
0
0
0
0
0
0
Total csma count: 2095
Wakeup record.
38247274 
38010206 
38146134 
37662584 
38776896 
37750195 
38176701 
38121042 
38407431 
38019045 
37216132 
37988485 
38413569 
38247629 
38515839 
37931438 
37583355 
37992561 
43050482 
38218366 
37671295 
37597958 
37886999 
37736398 
38180922 
37774380 
37429712 
37945818 
38031833 
38082217 
37939141 
38760701 
38411497 
34896957 
34748821 
35504361 
35090707 
0 
0 
0 
0 
0 
0 
0 
0 
0 
0 
0 
0 
0 
0 
0 
0 
0 
0 
0 
0 
0 
0 
0 
0 
0 
0 
0 
0 
0 
0 
0 
0 
0 
Lifetime record Low.
2352139823 
2361053278 
2365458985 
2361415867 
2395975912 
2362982575 
2357978900 
2375759866 
2386966095 
2380986303 
2342765940 
2386394613 
2396928556 
2397419562 
2397699779 
2376338602 
2360390490 
2380718522 
2354711719 
2372963851 
2366957461 
2335212762 
2366674965 
2372394289 
2396346349 
2364419013 
2353394287 
2364428300 
2386053571 
2374990970 
2348454022 
2395466801 
2354050206 
2191619853 
2176097473 
2216779645 
2188810958 
0 
0 
0 
0 
0 
0 
0 
0 
0 
0 
0 
0 
0 
0 
0 
0 
0 
0 
0 
0 
0 
0 
0 
0 
0 
0 
0 
0 
0 
0 
0 
0 
0 
Lifetime record High.
0 
0 
0 
0 
0 
0 
0 
0 
0 
0 
0 
0 
0 
0 
0 
0 
0 
0 
0 
0 
0 
0 
0 
0 
0 
0 
0 
0 
0 
0 
0 
0 
0 
0 
0 
0 
0 
0 
0 
0 
0 
0 
0 
0 
0 
0 
0 
0 
0 
0 
0 
0 
0 
0 
0 
0 
0 
0 
0 
0 
0 
0 
0 
0 
0 
0 
0 
0 
0 
0 
Generate data record.
39
39
38
39
39
38
38
38
40
39
37
39
39
38
38
38
38
38
38
38
37
37
38
38
39
38
38
38
38
37
37
38
38
35
35
36
34
0
0
0
0
0
0
0
0
0
0
0
0
0
0
0
0
0
0
0
0
0
0
0
0
0
0
0
0
0
0
0
0
0
Received data record.
39
39
38
39
39
38
38
38
39
39
37
39
39
38
38
38
38
38
38
38
37
37
38
38
39
38
38
38
38
37
37
38
38
35
35
36
34
0
0
0
0
0
0
0
0
0
0
0
0
0
0
0
0
0
0
0
0
0
0
0
0
0
0
0
0
0
0
0
0
0
node is list is.
65fa5922
65f95836
65f64c0a
65f75506
65f85a22
65f85406
65f65a22
65f95a06
65f65b36
65f75a0a
65fb5a36
65fe5936
65fa543a
65f75802
65fa5822
65f65f02
65f95832
65fa590a
65fc590a
65f75a32
65fa5a32
65fd5902
65fd593a
65fc5832
65fb5b26
65fa5a26
65fd5936
65fb5a26
65fa5836
65fb5406
65f75b22
65fa583a
65fd5836
65fa5436
65fa5432
65f85506
65f95b02
0
0
0
0
0
0
0
0
0
0
0
0
0
0
0
0
0
0
0
0
0
0
0
0
0
0
0
0
0
0
0
0
0
Total generated data num: 1399
Total received data num: 1398

