szhou@strasbourg:~$ nc m3-54.strasbourg.iot-lab.info 20000
Slot summary.
0
0
0
0
0
0
0
0
0
0
0
0
0
0
0
0
0
0
0
0
0
0
0
115
119
119
125
137
137
137
137
137
137
137
137
137
137
137
137
137
137
137
137
137
137
137
137
137
137
137
137
137
137
137
137
137
137
137
137
137
0
0
0
0
0
0
0
0
0
0
0
0
0
0
0
0
0
0
0
0
0
0
0
0
0
0
0
0
0
0
0
0
0
0
0
0
0
0
0
0
0
0
0
0
0
0
0
0
0
0
0
0
0
0
0
0
0
0
0
0
0
0
0
0
0
0
0
0
0
0
0
0
0
0
0
0
0
0
0
0
0
0
0
0
0
0
0
0
0
0
Total csma count: 1999
Wakeup record.
37618344 
37900119 
38076024 
38126467 
37553036 
37152750 
37833897 
38013554 
37920786 
38313832 
38581952 
38009802 
38101443 
37935205 
37851232 
38152626 
37555456 
38115392 
38150914 
37580345 
38052448 
37711045 
38600277 
37796995 
38226886 
37810570 
38296231 
38017054 
37963353 
38036025 
35177807 
34846939 
35692196 
34135867 
35275771 
0 
0 
0 
0 
0 
0 
0 
0 
0 
0 
0 
0 
0 
0 
0 
0 
0 
0 
0 
0 
0 
0 
0 
0 
0 
0 
0 
0 
0 
0 
0 
0 
0 
0 
0 
Lifetime record Low.
2365459479 
2349977483 
2342991035 
2383985094 
2337963086 
2336396053 
2380449257 
2349980356 
2368417398 
2369808836 
2375395508 
2369927302 
2371761006 
2379338913 
2350052394 
2385674210 
2363095906 
2363974989 
2372963572 
2365955885 
2348206845 
2370139127 
2382420509 
2372390694 
2364417117 
2364422436 
2364428259 
2385412291 
2389400442 
2382250220 
2205398752 
2192264843 
2199450282 
2129031658 
2186119178 
0 
0 
0 
0 
0 
0 
0 
0 
0 
0 
0 
0 
0 
0 
0 
0 
0 
0 
0 
0 
0 
0 
0 
0 
0 
0 
0 
0 
0 
0 
0 
0 
0 
0 
0 
Lifetime record High.
0 
0 
0 
0 
0 
0 
0 
0 
0 
0 
0 
0 
0 
0 
0 
0 
0 
0 
0 
0 
0 
0 
0 
0 
0 
0 
0 
0 
0 
0 
0 
0 
0 
0 
0 
0 
0 
0 
0 
0 
0 
0 
0 
0 
0 
0 
0 
0 
0 
0 
0 
0 
0 
0 
0 
0 
0 
0 
0 
0 
0 
0 
0 
0 
0 
0 
0 
0 
0 
0 
Generate data record.
38
38
39
39
39
38
39
40
39
39
39
38
39
38
38
38
38
38
38
37
37
38
38
38
38
38
38
39
39
38
36
36
35
35
34
0
0
0
0
0
0
0
0
0
0
0
0
0
0
0
0
0
0
0
0
0
0
0
0
0
0
0
0
0
0
0
0
0
0
0
Received data record.
38
37
39
39
39
38
39
40
39
39
39
38
39
38
38
38
38
38
38
37
37
38
38
38
38
38
38
39
39
38
36
36
35
35
34
0
0
0
0
0
0
0
0
0
0
0
0
0
0
0
0
0
0
0
0
0
0
0
0
0
0
0
0
0
0
0
0
0
0
0
node is list is.
65f64c0a
65f95a22
65fb5406
65f85406
65f65b36
65f45506
65f75b22
65f65a22
65f75802
65f25b06
65fe5936
65fa543a
65f95a06
65f65f02
65f95836
65fd593a
65f8592a
65f85a22
65f75a32
65fa5a32
65fd5902
65fa5922
65f95b02
65f95832
65f95a26
65fa5a26
65fb5a26
65f75506
65fd5936
65fa5432
65f75a0a
65fc590a
65fa5402
65fa5b0a
65fa583a
0
0
0
0
0
0
0
0
0
0
0
0
0
0
0
0
0
0
0
0
0
0
0
0
0
0
0
0
0
0
0
0
0
0
0
Total generated data num: 1326
Total received data num: 1325

