szhou@strasbourg:~$ nc m3-54.strasbourg.iot-lab.info 20000
Slot summary.
0
0
0
0
0
0
0
0
0
0
0
0
0
0
0
0
0
0
0
0
0
0
0
151
152
152
159
163
163
163
163
163
163
163
163
163
163
163
163
163
163
163
163
163
163
163
163
163
163
163
163
163
163
163
163
163
163
163
163
163
0
0
0
0
0
0
0
0
0
0
0
0
0
0
0
0
0
0
0
0
0
0
0
0
0
0
0
0
0
0
0
0
0
0
0
0
0
0
0
0
0
0
0
0
0
0
0
0
0
0
0
0
0
0
0
0
0
0
0
0
0
0
0
0
0
0
0
0
0
0
0
0
0
0
0
0
0
0
0
0
0
0
0
0
0
0
0
0
0
0
Total csma count: 2170
Wakeup record.
38421024 
37278660 
38613574 
38015990 
38135068 
37782325 
38816725 
38070767 
38417726 
38236900 
37804156 
38169586 
37972430 
37846308 
38558422 
38666919 
38195436 
37873734 
37577332 
38603225 
38082081 
37604824 
37350139 
38213746 
37912914 
37857664 
37889344 
37671087 
38279924 
38121645 
37770937 
38950719 
38179230 
38261295 
37986335 
35092672 
34953610 
33674907 
0 
0 
0 
0 
0 
0 
0 
0 
0 
0 
0 
0 
0 
0 
0 
0 
0 
0 
0 
0 
0 
0 
0 
0 
0 
0 
0 
0 
0 
0 
0 
0 
Lifetime record Low.
2391425717 
2343683289 
2395976262 
2386398639 
2363979546 
2364992342 
2385411309 
2383400072 
2397925012 
2397416141 
2346052227 
2378408750 
2378988080 
2380711716 
2388980988 
2397701704 
2371760600 
2376340217 
2360384750 
2398250885 
2390053116 
2369047113 
2350771605 
2372964416 
2383954935 
2348212324 
2365416363 
2372390404 
2378394863 
2364428469 
2364419605 
2394989851 
2392445772 
2336466769 
2388718442 
2203108574 
2185186465 
2114096980 
0 
0 
0 
0 
0 
0 
0 
0 
0 
0 
0 
0 
0 
0 
0 
0 
0 
0 
0 
0 
0 
0 
0 
0 
0 
0 
0 
0 
0 
0 
0 
0 
Lifetime record High.
0 
0 
0 
0 
0 
0 
0 
0 
0 
0 
0 
0 
0 
0 
0 
0 
0 
0 
0 
0 
0 
0 
0 
0 
0 
0 
0 
0 
0 
0 
0 
0 
0 
0 
0 
0 
0 
0 
0 
0 
0 
0 
0 
0 
0 
0 
0 
0 
0 
0 
0 
0 
0 
0 
0 
0 
0 
0 
0 
0 
0 
0 
0 
0 
0 
0 
0 
0 
0 
0 
Generate data record.
40
38
39
39
38
38
38
39
39
38
38
39
38
38
39
38
39
38
38
39
38
37
37
38
38
37
37
38
39
38
38
38
38
37
38
36
36
33
0
0
0
0
0
0
0
0
0
0
0
0
0
0
0
0
0
0
0
0
0
0
0
0
0
0
0
0
0
0
0
0
Received data record.
40
38
39
39
38
38
37
39
39
38
38
39
38
38
39
38
39
38
38
39
38
37
37
38
38
37
37
38
39
38
38
38
38
37
38
36
36
33
0
0
0
0
0
0
0
0
0
0
0
0
0
0
0
0
0
0
0
0
0
0
0
0
0
0
0
0
0
0
0
0
node is list is.
65f95b02
65f75822
65f85a22
65fe5936
65f65a22
65f85406
65f75506
65f45506
65fa543a
65f75802
65f95836
65f85506
65f75a0a
65fc590a
65fa5436
65fa5822
65f95a06
65f65f02
65f95832
65fa5432
65fa5836
65fd5836
65fb5a36
65f75a32
65fa5a32
65fd5902
65f95a26
65fc5832
65fd5936
65fb5a26
65fa5a26
65fb5406
65f75b22
65fa583a
65fa590a
65f64c0a
65fd593a
65fb5b26
0
0
0
0
0
0
0
0
0
0
0
0
0
0
0
0
0
0
0
0
0
0
0
0
0
0
0
0
0
0
0
0
Total generated data num: 1441
Total received data num: 1440

