szhou@strasbourg:~$ nc m3-54.strasbourg.iot-lab.info 20000
Slot summary.
0
0
0
0
0
0
0
0
0
0
0
0
0
0
0
0
0
0
0
0
0
0
0
108
111
111
118
118
118
118
118
118
118
118
118
118
118
118
118
118
118
118
118
118
118
118
118
118
118
118
118
118
118
118
118
118
118
118
118
118
0
0
0
0
0
0
0
0
0
0
0
0
0
0
0
0
0
0
0
0
0
0
0
0
0
0
0
0
0
0
0
0
0
0
0
0
0
0
0
0
0
0
0
0
0
0
0
0
0
0
0
0
0
0
0
0
0
0
0
0
0
0
0
0
0
0
0
0
0
0
0
0
0
0
0
0
0
0
0
0
0
0
0
0
0
0
0
0
0
0
Total csma count: 1895
Wakeup record.
37814724 
37380505 
37632620 
37796243 
38581530 
38029269 
38191367 
37986322 
38316950 
38017089 
37941215 
38443219 
38280757 
37284040 
37909719 
37913086 
38332422 
38586908 
37866174 
38165441 
37419214 
37513580 
37345747 
38158026 
37388954 
38223254 
37682198 
38260505 
37961677 
38417188 
37698401 
37583687 
38667569 
38242555 
34230454 
0 
0 
0 
0 
0 
0 
0 
0 
0 
0 
0 
0 
0 
0 
0 
0 
0 
0 
0 
0 
0 
0 
0 
0 
0 
0 
0 
0 
0 
0 
0 
0 
0 
0 
0 
Lifetime record Low.
2377396331 
2346346104 
2365460150 
2362981779 
2392981344 
2342991230 
2376963653 
2380986514 
2370083299 
2349214048 
2384394372 
2397924683 
2397415919 
2335421205 
2380711362 
2380718140 
2378977702 
2397699902 
2360384519 
2397683052 
2343249525 
2360389855 
2344341486 
2385673785 
2354444392 
2395414023 
2343760772 
2389965655 
2364427964 
2396408065 
2351416454 
2336051896 
2395466259 
2394424088 
2153023997 
0 
0 
0 
0 
0 
0 
0 
0 
0 
0 
0 
0 
0 
0 
0 
0 
0 
0 
0 
0 
0 
0 
0 
0 
0 
0 
0 
0 
0 
0 
0 
0 
0 
0 
0 
Lifetime record High.
0 
0 
0 
0 
0 
0 
0 
0 
0 
0 
0 
0 
0 
0 
0 
0 
0 
0 
0 
0 
0 
0 
0 
0 
0 
0 
0 
0 
0 
0 
0 
0 
0 
0 
0 
0 
0 
0 
0 
0 
0 
0 
0 
0 
0 
0 
0 
0 
0 
0 
0 
0 
0 
0 
0 
0 
0 
0 
0 
0 
0 
0 
0 
0 
0 
0 
0 
0 
0 
0 
Generate data record.
39
39
38
38
38
39
40
38
38
39
39
39
38
37
38
38
39
38
38
38
38
38
37
38
38
39
37
38
38
39
38
37
38
38
34
0
0
0
0
0
0
0
0
0
0
0
0
0
0
0
0
0
0
0
0
0
0
0
0
0
0
0
0
0
0
0
0
0
0
0
Received data record.
38
39
38
38
38
39
40
38
38
39
39
39
38
37
38
38
39
38
38
38
38
38
37
38
38
39
37
38
38
39
38
37
38
38
34
0
0
0
0
0
0
0
0
0
0
0
0
0
0
0
0
0
0
0
0
0
0
0
0
0
0
0
0
0
0
0
0
0
0
0
node is list is.
65fe5936
65fb5b26
65f64c0a
65f85406
65f65a22
65fb5406
65f65b36
65f75a0a
65fa5402
65fd5902
65fd5936
65fa543a
65f75802
65fa5a26
65fc590a
65fa590a
65fa5436
65fa5822
65f95832
65f75822
65fa5432
65fc5832
65f65f02
65fd593a
65f75b22
65f75506
65f95a06
65f75a32
65fb5a26
65f85506
65f95a26
65f95836
65fa583a
65f95b02
65fd5836
0
0
0
0
0
0
0
0
0
0
0
0
0
0
0
0
0
0
0
0
0
0
0
0
0
0
0
0
0
0
0
0
0
0
0
Total generated data num: 1333
Total received data num: 1332

