szhou@strasbourg:~$ nc m3-54.strasbourg.iot-lab.info 20000
Slot summary.
0
0
0
0
0
0
0
0
0
0
0
0
0
0
0
0
0
0
0
0
0
0
0
107
111
111
124
127
127
127
127
127
127
127
127
127
127
127
127
127
127
127
127
127
127
127
127
127
127
127
127
127
127
127
127
127
127
127
127
127
0
0
0
0
0
0
0
0
0
0
0
0
0
0
0
0
0
0
0
0
0
0
0
0
0
0
0
0
0
0
0
0
0
0
0
0
0
0
0
0
0
0
0
0
0
0
0
0
0
0
0
0
0
0
0
0
0
0
0
0
0
0
0
0
0
0
0
0
0
0
0
0
0
0
0
0
0
0
0
0
0
0
0
0
0
0
0
0
0
0
Total csma count: 1823
Wakeup record.
37855922 
38816487 
37644610 
37501167 
37703470 
38007564 
37618159 
37140794 
38008784 
38257866 
37610181 
37312497 
37995724 
38175666 
38013596 
38162121 
37062285 
38547290 
37478477 
38082908 
38267452 
37894106 
37683114 
37591024 
37777003 
37857775 
37846211 
37647587 
38721339 
34495789 
35090567 
34646205 
34703124 
0 
0 
0 
0 
0 
0 
0 
0 
0 
0 
0 
0 
0 
0 
0 
0 
0 
0 
0 
0 
0 
0 
0 
0 
0 
0 
0 
0 
0 
0 
0 
0 
0 
0 
0 
0 
0 
Lifetime record Low.
2379775322 
2395975572 
2365457157 
2359046873 
2362981798 
2336421088 
2336407332 
2336395659 
2374674712 
2360980178 
2356138912 
2341396930 
2381984317 
2382718373 
2352445927 
2357989325 
2331953948 
2392213194 
2351346032 
2372384811 
2382420126 
2364417062 
2372390136 
2343759436 
2335424309 
2382394221 
2371962402 
2345923690 
2395466483 
2162102079 
2182780640 
2167999519 
2151270310 
0 
0 
0 
0 
0 
0 
0 
0 
0 
0 
0 
0 
0 
0 
0 
0 
0 
0 
0 
0 
0 
0 
0 
0 
0 
0 
0 
0 
0 
0 
0 
0 
0 
0 
0 
0 
0 
Lifetime record High.
0 
0 
0 
0 
0 
0 
0 
0 
0 
0 
0 
0 
0 
0 
0 
0 
0 
0 
0 
0 
0 
0 
0 
0 
0 
0 
0 
0 
0 
0 
0 
0 
0 
0 
0 
0 
0 
0 
0 
0 
0 
0 
0 
0 
0 
0 
0 
0 
0 
0 
0 
0 
0 
0 
0 
0 
0 
0 
0 
0 
0 
0 
0 
0 
0 
0 
0 
0 
0 
0 
Generate data record.
39
39
38
38
38
38
38
38
39
40
38
39
38
38
38
37
37
38
39
38
38
38
38
37
38
38
39
38
38
36
35
34
34
0
0
0
0
0
0
0
0
0
0
0
0
0
0
0
0
0
0
0
0
0
0
0
0
0
0
0
0
0
0
0
0
0
0
0
0
0
Received data record.
39
39
37
38
38
38
38
38
39
40
38
39
38
38
38
37
37
38
39
38
38
38
38
37
38
38
39
38
38
36
35
34
34
0
0
0
0
0
0
0
0
0
0
0
0
0
0
0
0
0
0
0
0
0
0
0
0
0
0
0
0
0
0
0
0
0
0
0
0
0
node is list is.
65fb5a36
65f85a22
65f64c0a
65fd5836
65f85406
65f75506
65f85506
65f45506
65fd593a
65f65a22
65fa5922
65fe5936
65f75a0a
65fa590a
65f75b22
65fb5406
65fa5a32
65fd5902
65fb5b26
65f95832
65f95b02
65f95a26
65fc5832
65f95a06
65fa5a26
65fd5936
65f65b36
65fa543a
65fa583a
65f75802
65f95836
65fa5432
65fa5822
0
0
0
0
0
0
0
0
0
0
0
0
0
0
0
0
0
0
0
0
0
0
0
0
0
0
0
0
0
0
0
0
0
0
0
0
0
Total generated data num: 1246
Total received data num: 1245
