Slot summary.
0
0
0
0
0
0
0
0
0
0
0
0
0
0
0
0
0
0
0
0
0
0
40
206
247
247
247
272
272
274
276
276
276
276
276
276
277
277
278
278
278
279
279
280
280
280
284
286
287
288
288
289
289
289
289
289
289
289
289
289
0
0
0
0
0
0
0
0
0
0
0
0
0
0
0
0
0
0
0
0
0
0
0
0
0
0
0
0
0
0
0
0
0
0
0
0
0
0
0
0
0
0
0
0
0
0
0
0
0
0
0
0
0
0
0
0
0
0
0
0
0
0
0
0
0
0
0
0
0
0
0
0
0
0
0
0
0
0
0
0
0
0
0
0
0
0
0
0
0
0
Total csma count: 2961
Wakeup record.
121928111 
90298230 
52497271 
154122449 
48903654 
82571618 
27708898 
84731038 
127425857 
39402292 
162912171 
55371542 
53814721 
52537057 
102130160 
88948391 
54248626 
108576247 
90147721 
70946007 
67589014 
43079768 
44365125 
38299181 
104274359 
130336592 
145466068 
68586574 
37931496 
63314988 
51663940 
130230992 
58657520 
65029192 
122504707 
38339353 
110703909 
36116735 
61973274 
43633716 
0 
0 
0 
0 
0 
0 
0 
0 
0 
0 
0 
0 
0 
0 
0 
0 
0 
0 
0 
0 
0 
0 
0 
0 
0 
0 
0 
0 
0 
0 
Lifetime record Low.
2370138792 
2367472919 
2378681869 
2367548649 
2373590774 
2093920361 
1730805580 
2390934807 
2366523416 
2376152052 
2365469941 
2337285338 
2384794320 
2335135545 
2348943516 
2381024419 
2320109032 
2345334681 
2392485453 
2355076914 
2355098513 
2382018537 
2381508092 
2393037111 
2362078079 
2354228001 
2397249922 
2351800503 
2350751047 
2391623389 
2363481164 
2363482475 
2332764903 
2370229353 
2365413866 
2307942286 
2307459114 
2153472887 
2025964183 
2365521726 
0 
0 
0 
0 
0 
0 
0 
0 
0 
0 
0 
0 
0 
0 
0 
0 
0 
0 
0 
0 
0 
0 
0 
0 
0 
0 
0 
0 
0 
0 
Lifetime record High.
0 
0 
0 
0 
0 
0 
0 
0 
0 
0 
0 
0 
0 
0 
0 
0 
0 
0 
0 
0 
0 
0 
0 
0 
0 
0 
0 
0 
0 
0 
0 
0 
0 
0 
0 
0 
0 
0 
0 
0 
0 
0 
0 
0 
0 
0 
0 
0 
0 
0 
0 
0 
0 
0 
0 
0 
0 
0 
0 
0 
0 
0 
0 
0 
0 
0 
0 
0 
0 
0 
Generate data record.
39
38
39
39
38
34
27
38
38
39
37
38
38
38
38
39
37
38
38
38
38
38
39
38
38
37
39
38
38
39
39
39
37
40
37
37
37
34
32
39
0
0
0
0
0
0
0
0
0
0
0
0
0
0
0
0
0
0
0
0
0
0
0
0
0
0
0
0
0
0
Received data record.
38
37
38
39
38
22
21
36
38
37
37
33
34
36
38
37
32
36
38
36
37
37
38
30
37
35
39
37
35
38
39
37
36
30
36
18
17
17
7
15
0
0
0
0
0
0
0
0
0
0
0
0
0
0
0
0
0
0
0
0
0
0
0
0
0
0
0
0
0
0
node is list is.
65fbaa02
65f95f32
65fa5d52
65f65806
65f6a526
65fda936
65f9ad0a
65f9a522
65f4bb06
65fa5c22
65fa5f32
65f65d26
65faa432
65fdac36
65f7a906
65f6ae02
65fca902
65fb5f02
65faaa32
65f8b516
65fab516
65f6ae1a
65f8a91a
65fb5e2a
65faae3a
65f65e26
65faaa52
65fbaa16
65fc5c06
65fab436
65f6a532
65f7a532
65faae16
65f85d0a
65fab522
65f2be02
65faad02
65fab526
65f9aa1a
65f5bb06
0
0
0
0
0
0
0
0
0
0
0
0
0
0
0
0
0
0
0
0
0
0
0
0
0
0
0
0
0
0
Total generated data num: 1501
Total received data num: 1316

