Slot summary.
0
0
0
0
0
0
0
0
0
0
0
0
0
0
0
0
0
0
45
192
192
195
203
319
319
320
323
326
328
329
332
333
333
335
336
338
340
341
341
341
341
341
341
341
342
342
343
343
344
345
346
346
346
347
347
349
349
351
351
351
0
0
0
0
0
0
0
0
0
0
0
0
0
0
0
0
0
0
0
0
0
0
0
0
0
0
0
0
0
0
0
0
0
0
0
0
0
0
0
0
0
0
0
0
0
0
0
0
0
0
0
0
0
0
0
0
0
0
0
0
0
0
0
0
0
0
0
0
0
0
0
0
0
0
0
0
0
0
0
0
0
0
0
0
0
0
0
0
0
0
Total csma count: 3200
Wakeup record.
42192395 
41802859 
48964194 
53610775 
46624630 
43581176 
44456819 
53150135 
41153916 
47648651 
61054304 
59826738 
44975614 
41188423 
83873977 
42675714 
85811219 
91949028 
66594119 
115842717 
55240827 
41663049 
112191597 
47298426 
41982617 
39011231 
38783666 
37606437 
37889670 
47812716 
37226854 
0 
0 
0 
0 
0 
0 
0 
0 
0 
0 
0 
0 
0 
0 
0 
0 
0 
0 
0 
0 
0 
0 
0 
0 
0 
0 
0 
0 
0 
0 
0 
0 
0 
0 
0 
0 
0 
0 
0 
Lifetime record Low.
2612358160 
2587913483 
2630684458 
2633980443 
2639289308 
2668423400 
2656246122 
2667244535 
2573673004 
2644881086 
2670302625 
2630751043 
2670933972 
2576272150 
2641916243 
2657470514 
2665838513 
2628147157 
2667890587 
2664018135 
2647802246 
2614114455 
2562652024 
2658366853 
2616062513 
2445082014 
2423924991 
2366541010 
2372938566 
2344653972 
2340783909 
0 
0 
0 
0 
0 
0 
0 
0 
0 
0 
0 
0 
0 
0 
0 
0 
0 
0 
0 
0 
0 
0 
0 
0 
0 
0 
0 
0 
0 
0 
0 
0 
0 
0 
0 
0 
0 
0 
0 
Lifetime record High.
0 
0 
0 
0 
0 
0 
0 
0 
0 
0 
0 
0 
0 
0 
0 
0 
0 
0 
0 
0 
0 
0 
0 
0 
0 
0 
0 
0 
0 
0 
0 
0 
0 
0 
0 
0 
0 
0 
0 
0 
0 
0 
0 
0 
0 
0 
0 
0 
0 
0 
0 
0 
0 
0 
0 
0 
0 
0 
0 
0 
0 
0 
0 
0 
0 
0 
0 
0 
0 
0 
Generate data record.
43
44
43
43
43
43
43
43
42
44
43
43
43
43
42
44
43
42
43
43
42
42
41
43
42
39
39
38
39
38
38
0
0
0
0
0
0
0
0
0
0
0
0
0
0
0
0
0
0
0
0
0
0
0
0
0
0
0
0
0
0
0
0
0
0
0
0
0
0
0
Received data record.
43
43
41
43
42
43
40
41
40
42
42
43
43
40
41
40
42
42
41
36
41
42
39
43
42
39
37
37
38
37
37
0
0
0
0
0
0
0
0
0
0
0
0
0
0
0
0
0
0
0
0
0
0
0
0
0
0
0
0
0
0
0
0
0
0
0
0
0
0
0
node is list is.
65f9aa2a
65fa5c36
65faa506
65ffb502
65fbbc3a
65fc5e36
65f6bb16
65feb422
65fab50a
65f8ab02
65fc5c3a
65fbb53a
65f9ab52
65f7a43a
65fb5f0a
65fc5f32
65f7ad0a
65fd5c22
65f7ab02
65f85e06
65fab42a
65f95e02
65f95d22
65faaa2a
65fa5d1a
65fcae36
65f9aa52
65f9ac36
65f95f22
65f9a906
65f8ae32
0
0
0
0
0
0
0
0
0
0
0
0
0
0
0
0
0
0
0
0
0
0
0
0
0
0
0
0
0
0
0
0
0
0
0
0
0
0
0
Total generated data num: 1301
Total received data num: 1260
^C

