: 59 
Slot summary.
0
0
0
0
0
0
0
0
0
0
0
0
0
0
0
0
0
0
283
384
384
384
386
545
545
547
549
549
549
550
551
551
552
552
552
553
553
555
556
556
556
556
556
556
556
557
557
558
559
561
561
562
563
564
564
564
564
566
566
567
0
0
0
0
0
0
0
0
0
0
0
0
0
0
0
0
0
0
0
0
0
0
0
0
0
0
0
0
0
0
0
0
0
0
0
0
0
0
0
0
0
0
0
0
0
0
0
0
0
0
0
0
0
0
0
0
0
0
0
0
0
0
0
0
0
0
0
0
0
0
0
0
0
0
0
0
0
0
0
0
0
0
0
0
0
0
0
0
0
0
Total csma count: 3196
Wakeup record.
43449909 
44381099 
76819448 
92687856 
73070388 
45698130 
97327892 
45718256 
42008625 
45731720 
71258343 
42436981 
45503311 
42333525 
47740805 
50964180 
42715110 
42802040 
48628586 
114642607 
70013367 
50743976 
54109277 
42593573 
51173863 
40128972 
39466870 
42405535 
40133252 
42718511 
42306784 
0 
0 
0 
0 
0 
0 
0 
0 
0 
0 
0 
0 
0 
0 
0 
0 
0 
0 
0 
0 
0 
0 
0 
0 
0 
0 
0 
0 
0 
0 
0 
0 
0 
0 
0 
0 
0 
0 
0 
Lifetime record Low.
2649358656 
2671273287 
2664913933 
2673154568 
2618562537 
2657836425 
2673918369 
2669137122 
2632140088 
2631367340 
2594469499 
2659814321 
2633425908 
2648109445 
2667020997 
2648979716 
2670294291 
2665684952 
2637655535 
2680750493 
2669303429 
2628238641 
2665933287 
2677065332 
2653803276 
2485224567 
2445331710 
2445743468 
2417958552 
2400394001 
2393068261 
0 
0 
0 
0 
0 
0 
0 
0 
0 
0 
0 
0 
0 
0 
0 
0 
0 
0 
0 
0 
0 
0 
0 
0 
0 
0 
0 
0 
0 
0 
0 
0 
0 
0 
0 
0 
0 
0 
0 
Lifetime record High.
0 
0 
0 
0 
0 
0 
0 
0 
0 
0 
0 
0 
0 
0 
0 
0 
0 
0 
0 
0 
0 
0 
0 
0 
0 
0 
0 
0 
0 
0 
0 
0 
0 
0 
0 
0 
0 
0 
0 
0 
0 
0 
0 
0 
0 
0 
0 
0 
0 
0 
0 
0 
0 
0 
0 
0 
0 
0 
0 
0 
0 
0 
0 
0 
0 
0 
0 
0 
0 
0 
Generate data record.
42
44
44
45
42
43
44
43
43
43
42
43
44
43
43
42
43
45
44
43
43
42
42
45
43
41
40
40
39
38
39
0
0
0
0
0
0
0
0
0
0
0
0
0
0
0
0
0
0
0
0
0
0
0
0
0
0
0
0
0
0
0
0
0
0
0
0
0
0
0
Received data record.
42
44
44
45
41
41
44
43
43
42
40
41
43
40
43
39
42
45
44
43
18
41
42
44
43
41
39
37
39
35
39
0
0
0
0
0
0
0
0
0
0
0
0
0
0
0
0
0
0
0
0
0
0
0
0
0
0
0
0
0
0
0
0
0
0
0
0
0
0
0
node is list is.
65f9aa2a
65f7a43a
65fa5c36
65fd5c22
65f8ae32
65f7ad0a
65fb5f0a
65f95f22
65f9ac36
65faaa2a
65fc5f32
65fcae36
65fc5e36
65f95e02
65f85e06
65ffb502
65fbbc3a
65faa506
65f95d22
65fbb53a
65fc5c3a
65feb422
65f9ab52
65fa5d1a
65fab42a
65fab50a
65f6bb16
65f9aa52
65f8ab02
65f7ab02
65f9a906
0
0
0
0
0
0
0
0
0
0
0
0
0
0
0
0
0
0
0
0
0
0
0
0
0
0
0
0
0
0
0
0
0
0
0
0
0
0
0
Total generated data num: 1317
Total received data num: 1267


